             0.000000                0.003712
             0.111111                0.037702
             0.222222                0.069099
             0.333333                0.093156
             0.444444                0.106920
             0.555556                0.109229
             0.666667                0.100715
             0.777778                0.083802
             0.888889                0.062709
             1.000000                0.043446
             1.000000                0.048934
             1.111111                0.031969
             1.222222                0.036239
             1.333333                0.063650
             1.444444                0.114681
             1.555556                0.188388
             1.666667                0.282397
             1.777778                0.392913
             1.888889                0.514712
             2.000000                0.641145
             2.000000                0.638829
             2.111111                0.766452
             2.222222                0.883458
             2.333333                0.989199
             2.444444                1.082930
             2.555556                1.163810
             2.666667                1.230902
             2.777778                1.283177
             2.888889                1.319508
             3.000000                1.338672
             3.000000                1.334947
             3.111111                1.339399
             3.222222                1.319739
             3.333333                1.275624
             3.444444                1.208156
             3.555556                1.119881
             3.666667                1.014791
             3.777778                0.898322
             3.888889                0.777355
             4.000000                0.660216
             4.000000                0.665398
             4.111111                0.554530
             4.222222                0.469012
             4.333333                0.410924
             4.444444                0.380885
             4.555556                0.378047
             4.666667                0.400101
             4.777778                0.443272
             4.888889                0.502322
             5.000000                0.570549
             5.000000                0.568508
             5.111111                0.641607
             5.222222                0.709065
             5.333333                0.768391
             5.444444                0.817645
             5.555556                0.855443
             5.666667                0.880951
             5.777778                0.893892
             5.888889                0.894540
             6.000000                0.883723
             6.000000                0.883095
             6.111111                0.862505
             6.222222                0.831394
             6.333333                0.790755
             6.444444                0.741703
             6.555556                0.685476
             6.666667                0.623438
             6.777778                0.557076
             6.888889                0.488000
             7.000000                0.417944
             7.000000                0.418027
             7.111111                0.348492
             7.222222                0.281407
             7.333333                0.217540
             7.444444                0.157609
             7.555556                0.102276
             7.666667                0.052149
             7.777778                0.007782
             7.888889               -0.030324
             8.000000               -0.061722
             8.000000               -0.059440
             8.111111               -0.086622
             8.222222               -0.103950
             8.333333               -0.113246
             8.444444               -0.116258
             8.555556               -0.114661
             8.666667               -0.110056
             8.777778               -0.103973
             8.888889               -0.097866
             9.000000               -0.093119
             9.000000               -0.095459
             9.111111               -0.089484
             9.222222               -0.088914
             9.333333               -0.089446
             9.444444               -0.087723
             9.555556               -0.081340
             9.666667               -0.068839
             9.777778               -0.049714
             9.888889               -0.024406
            10.000000                0.005695
